1126
1128
1134
1136
1137
1138
1139
1143
1145
1146
1147
1148
1154
1155
1156
1162
1163
1164
1165
1168
1169
1173
1174
1182
1183
1184
1186
1188
1193
1196
1208
1216
1218
1224
1225
1226
1227
1233
1234
1235
1236
1237
1238
1239
1242
1243
1244
1246
1248
1249
1252
1253
1255
1257
1258
1259
1261
1262
1263
1264
1266
1267
1268
1269
1272
1273
1275
1276
1278
1279
1280
1281
1283
1284
1285
1286
1287
1288
1289
1293
1294
1295
1296
1297
1298
1306
1307
1308
1309
1314
1316
1317
1318
1319
1323
1324
1325
1326
1327
1328
1329
1332
1334
1335
1336
1337
1338
1339
1341
1342
1343
1344
1345
1347
1348
1349
1352
1353
1354
1356
1358
1359
1360
1361
1362
1363
1365
1366
1367
1368
1369
1370
1371
1372
1373
1374
1376
1379
1380
1381
1382
1383
1384
1385
1386
1388
1389
1390
1391
1392
1393
1394
1395
1396
1397
1398
1399
1405
1406
1407
1408
1413
1415
1416
1417
1418
1422
1423
1424
1426
1428
1429
1431
1432
1433
1434
1435
1437
1438
1439
1442
1443
1444
1445
1446
1447
1448
1449
1450
1451
1453
1454
1455
1457
1458
1459
1460
1461
1462
1464
1466
1468
1470
1471
1473
1474
1475
1478
1480
1481
1482
1483
1484
1485
1486
1487
1488
1489
1492
1493
1494
1495
1498
1504
1505
1506
1514
1515
1516
1522
1523
1525
1527
1528
1529
1532
1533
1534
1536
1538
1539
1540
1541
1543
1544
1545
1547
1548
1549
1550
1551
1552
1554
1556
1560
1561
1563
1565
1566
1567
1569
1572
1574
1576
1582
1583
1584
1588
1592
1593
1594
1596
1599
1603
1604
1605
1612
1613
1614
1615
1618
1619
1621
1622
1623
1624
1626
1627
1628
1629
1630
1631
1632
1633
1635
1636
1637
1638
1639
1640
1641
1642
1644
1646
1648
1650
1651
1653
1655
1656
1657
1659
1662
1663
1664
1665
1666
1672
1673
1675
1681
1682
1683
1684
1689
1691
1692
1693
1695
1698
1699
1703
1704
1713
1714
1722
1723
1725
1726
1728
1729
1730
1731
1732
1733
1734
1736
1739
1740
1741
1743
1744
1745
1748
1752
1754
1756
1762
1763
1765
1779
1782
1784
1788
1789
1792
1793
1797
1798
1799
1802
1803
1804
1812
1813
1814
1816
1818
1820
1821
1823
1824
1825
1826
1827
1828
1829
1830
1831
1832
1833
1834
1835
1836
1838
1839
1840
1841
1842
1843
1844
1845
1846
1847
1848
1849
1852
1853
1854
1858
1861
1862
1863
1864
1869
1872
1874
1878
1879
1881
1882
1883
1884
1885
1887
1888
1889
1892
1893
1894
1896
1897
1898
1903
1913
1916
1923
1924
1925
1926
1927
1928
1930
1931
1932
1933
1934
1935
1936
1937
1938
1939
1942
1943
1944
1945
1948
1952
1953
1954
1956
1959
1961
1962
1963
1965
1968
1969
1972
1973
1977
1978
1979
1982
1983
1984
1986
1987
1988
1993
1995
1996
1997
2018
2026
2034
2036
2038
2039
2043
2044
2046
2048
2057
2058
2062
2063
2064
2066
2068
2069
2075
2081
2083
2084
2085
2086
2088
2093
2096
2108
2116
2118
2124
2125
2126
2127
2133
2134
2135
2136
2137
2138
2139
2142
2143
2144
2146
2148
2149
2152
2153
2155
2157
2158
2159
2161
2162
2163
2164
2166
2167
2168
2169
2172
2173
2175
2176
2178
2179
2180
2181
2183
2184
2185
2186
2187
2188
2189
2193
2194
2195
2196
2197
2198
2206
2214
2215
2216
2217
2223
2224
2228
2229
2232
2233
2236
2238
2239
2241
2242
2245
2246
2247
2248
2249
2251
2254
2255
2256
2257
2258
2260
2261
2263
2264
2265
2266
2267
2268
2271
2274
2275
2276
2278
2282
2283
2284
2285
2286
2287
2288
2289
2292
2293
2294
2298
2304
2306
2308
2309
2313
2314
2315
2316
2317
2318
2319
2322
2323
2326
2328
2329
2331
2332
2335
2336
2337
2338
2339
2340
2341
2344
2346
2347
2348
2349
2351
2353
2355
2356
2357
2358
2359
2360
2361
2362
2363
2364
2365
2366
2367
2368
2369
2371
2373
2374
2375
2376
2377
2378
2379
2380
2381
2382
2383
2384
2385
2386
2387
2388
2389
2390
2391
2392
2393
2394
2395
2396
2397
2398
2399
2403
2404
2406
2408
2412
2413
2414
2416
2418
2419
2421
2422
2425
2426
2427
2428
2429
2430
2431
2434
2436
2437
2438
2439
2440
2441
2443
2444
2445
2446
2447
2448
2449
2452
2454
2455
2456
2457
2458
2459
2460
2461
2462
2463
2464
2465
2466
2467
2468
2469
2472
2473
2474
2475
2476
2477
2478
2479
2480
2481
2482
2483
2484
2485
2486
2487
2488
2491
2492
2493
2494
2495
2496
2497
2499
2507
2508
2512
2513
2515
2517
2518
2519
2521
2524
2525
2526
2527
2528
2531
2533
2535
2536
2537
2538
2539
2542
2544
2545
2546
2547
2548
2549
2551
2552
2553
2554
2557
2559
2562
2563
2564
2566
2567
2568
2569
2570
2571
2572
2573
2574
2575
2576
2577
2579
2580
2581
2582
2583
2584
2586
2588
2589
2591
2593
2594
2595
2596
2597
2598
2602
2603
2604
2606
2608
2609
2611
2612
2613
2614
2616
2617
2618
2619
2620
2621
2623
2624
2625
2626
2627
2628
2630
2631
2632
2633
2634
2635
2636
2637
2638
2639
2640
2641
2642
2643
2644
2645
2646
2647
2648
2649
2652
2653
2654
2656
2657
2658
2659
2660
2661
2662
2663
2664
2665
2666
2667
2668
2669
2671
2672
2673
2674
2675
2676
2678
2679
2680
2681
2682
2683
2684
2685
2686
2687
2688
2689
2690
2691
2693
2694
2695
2696
2697
2698
2705
2712
2713
2715
2716
2718
2719
2721
2724
2725
2726
2728
2731
2733
2734
2735
2736
2737
2738
2739
2742
2743
2744
2745
2746
2747
2748
2749
2750
2751
2752
2753
2754
2755
2756
2757
2759
2761
2762
2763
2764
2765
2766
2768
2769
2773
2774
2775
2778
2781
2782
2783
2784
2786
2787
2789
2791
2793
2794
2795
2796
2798
2801
2803
2804
2805
2806
2808
2810
2811
2813
2814
2815
2816
2817
2818
2819
2822
2823
2824
2825
2826
2827
2828
2829
2830
2831
2832
2833
2834
2835
2836
2837
2838
2839
2840
2841
2842
2843
2844
2845
2846
2847
2848
2850
2851
2852
2853
2854
2856
2858
2859
2860
2861
2862
2863
2864
2865
2866
2867
2868
2869
2871
2872
2873
2874
2876
2877
2879
2880
2881
2882
2883
2884
2885
2886
2888
2891
2892
2893
2895
2896
2897
2899
2903
2906
2913
2914
2915
2916
2917
2918
2922
2923
2924
2928
2930
2931
2932
2933
2934
2935
2936
2937
2938
2939
2941
2942
2943
2944
2945
2946
2947
2949
2951
2953
2954
2955
2956
2957
2958
2960
2961
2963
2964
2965
2966
2967
2968
2971
2973
2974
2975
2976
2978
2981
2982
2983
2985
2986
2987
2989
2993
2994
2998
3008
3016
3017
3018
3019
3024
3026
3028
3029
3034
3035
3037
3038
3039
3042
3043
3044
3046
3048
3049
3053
3058
3059
3061
3062
3064
3066
3067
3068
3071
3073
3076
3078
3080
3081
3082
3083
3084
3085
3086
3087
3088
3089
3091
3092
3093
3094
3095
3098
3106
3107
3108
3109
3114
3116
3117
3118
3119
3123
3124
3125
3126
3127
3128
3129
3132
3134
3135
3136
3137
3138
3139
3141
3142
3143
3144
3145
3147
3148
3149
3152
3153
3154
3156
3158
3159
3160
3161
3162
3163
3165
3166
3167
3168
3169
3170
3171
3172
3173
3174
3176
3179
3180
3181
3182
3183
3184
3185
3186
3188
3189
3190
3191
3192
3193
3194
3195
3196
3197
3198
3199
3204
3206
3208
3209
3213
3214
3215
3216
3217
3218
3219
3222
3223
3226
3228
3229
3231
3232
3235
3236
3237
3238
3239
3240
3241
3244
3246
3247
3248
3249
3251
3253
3255
3256
3257
3258
3259
3260
3261
3262
3263
3264
3265
3266
3267
3268
3269
3271
3273
3274
3275
3276
3277
3278
3279
3280
3281
3282
3283
3284
3285
3286
3287
3288
3289
3290
3291
3292
3293
3294
3295
3296
3297
3298
3299
3304
3305
3307
3308
3309
3312
3314
3315
3316
3317
3318
3319
3321
3322
3325
3326
3327
3328
3329
3333
3334
3335
3336
3338
3340
3341
3343
3344
3345
3346
3348
3349
3350
3351
3352
3353
3354
3355
3356
3359
3361
3362
3363
3364
3365
3367
3368
3369
3370
3371
3372
3376
3378
3379
3380
3381
3382
3383
3384
3386
3387
3389
3390
3391
3392
3394
3395
3396
3397
3398
3399
3402
3403
3404
3406
3408
3409
3411
3412
3413
3414
3415
3417
3418
3419
3420
3421
3424
3426
3427
3428
3429
3430
3431
3433
3434
3435
3436
3438
3439
3440
3441
3442
3443
3444
3445
3446
3448
3449
3451
3453
3454
3455
3457
3458
3460
3462
3463
3464
3466
3468
3471
3472
3475
3477
3478
3479
3480
3481
3482
3483
3484
3485
3486
3487
3489
3490
3491
3492
3493
3494
3497
3498
3499
3503
3508
3509
3512
3513
3514
3516
3518
3519
3521
3523
3525
3526
3527
3528
3529
3530
3531
3532
3533
3534
3535
3536
3539
3541
3543
3544
3545
3547
3548
3552
3553
3554
3556
3558
3561
3562
3563
3565
3567
3568
3569
3572
3574
3576
3578
3579
3580
3581
3582
3584
3585
3586
3587
3588
3589
3590
3591
3592
3593
3596
3597
3598
3599
3601
3602
3604
3606
3607
3608
3610
3611
3612
3613
3615
3616
3617
3618
3619
3620
3621
3622
3623
3624
3625
3626
3627
3628
3629
3631
3632
3633
3634
3635
3637
3638
3639
3640
3642
3643
3644
3646
3648
3651
3652
3653
3655
3657
3658
3659
3660
3661
3662
3664
3666
3667
3668
3669
3670
3671
3672
3673
3675
3676
3678
3679
3680
3681
3682
3683
3684
3685
3686
3687
3688
3689
3691
3692
3693
3695
3696
3697
3698
3699
3701
3703
3706
3708
3710
3711
3712
3713
3714
3716
3719
3721
3723
3724
3725
3726
3727
3728
3729
3730
3731
3732
3736
3738
3739
3741
3742
3745
3747
3748
3749
3752
3754
3756
3758
3759
3760
3761
3762
3763
3765
3766
3768
3769
3772
3774
3777
3778
3780
3782
3783
3784
3785
3786
3787
3788
3791
3792
3793
3794
3795
3796
3800
3801
3802
3803
3804
3805
3806
3807
3808
3809
3810
3811
3812
3813
3814
3815
3816
3818
3819
3820
3821
3822
3823
3824
3825
3826
3827
3828
3829
3830
3831
3832
3833
3834
3836
3837
3839
3840
3841
3842
3843
3844
3845
3846
3847
3849
3850
3851
3852
3854
3855
3856
3857
3858
3859
3860
3861
3862
3863
3864
3865
3866
3867
3868
3869
3870
3872
3873
3874
3875
3876
3877
3878
3880
3881
3882
3885
3886
3887
3888
3889
3890
3891
3892
3893
3894
3895
3896
3898
3899
3901
3902
3903
3904
3905
3908
3910
3911
3912
3913
3914
3915
3916
3917
3918
3919
3920
3921
3922
3923
3924
3925
3926
3927
3928
3929
3930
3931
3932
3934
3935
3936
3937
3938
3939
3940
3941
3942
3943
3944
3947
3948
3949
3950
3951
3952
3953
3956
3957
3958
3959
3961
3962
3963
3965
3966
3967
3968
3969
3971
3972
3973
3974
3975
3976
3980
3981
3982
3983
3984
3985
3986
3988
3989
3991
3992
3993
3994
3995
3996
3998
3999
4006
4015
4016
4017
4018
4023
4024
4026
4028
4032
4033
4034
4036
4038
4039
4042
4043
4045
4046
4047
4048
4051
4054
4056
4060
4061
4062
4063
4064
4065
4066
4067
4068
4069
4071
4074
4076
4078
4081
4082
4083
4084
4086
4087
4088
4093
4096
4105
4106
4107
4108
4113
4115
4116
4117
4118
4122
4123
4124
4126
4128
4129
4131
4132
4133
4134
4135
4137
4138
4139
4142
4143
4144
4145
4146
4147
4148
4149
4150
4151
4153
4154
4155
4157
4158
4159
4160
4161
4162
4164
4166
4168
4170
4171
4173
4174
4175
4178
4180
4181
4182
4183
4184
4185
4186
4187
4188
4189
4192
4193
4194
4195
4198
4203
4204
4206
4208
4212
4213
4214
4216
4218
4219
4221
4222
4225
4226
4227
4228
4229
4230
4231
4234
4236
4237
4238
4239
4240
4241
4243
4244
4245
4246
4247
4248
4249
4252
4254
4255
4256
4257
4258
4259
4260
4261
4262
4263
4264
4265
4266
4267
4268
4269
4272
4273
4274
4275
4276
4277
4278
4279
4280
4281
4282
4283
4284
4285
4286
4287
4288
4291
4292
4293
4294
4295
4296
4297
4299
4302
4303
4304
4306
4308
4309
4311
4312
4313
4314
4315
4317
4318
4319
4320
4321
4324
4326
4327
4328
4329
4330
4331
4333
4334
4335
4336
4338
4339
4340
4341
4342
4343
4344
4345
4346
4348
4349
4351
4353
4354
4355
4357
4358
4360
4362
4363
4364
4366
4368
4371
4372
4375
4377
4378
4379
4380
4381
4382
4383
4384
4385
4386
4387
4389
4390
4391
4392
4393
4394
4397
4398
4399
4402
4403
4405
4406
4407
4408
4412
4413
4414
4415
4416
4417
4418
4419
4420
4421
4423
4424
4425
4426
4427
4428
4429
4430
4431
4432
4433
4434
4435
4436
4438
4439
4441
4442
4443
4444
4446
4448
4449
4450
4451
4452
4453
4455
4456
4458
4460
4461
4462
4463
4464
4465
4469
4470
4471
4472
4478
4479
4480
4481
4482
4483
4484
4485
4487
4488
4489
4491
4492
4493
4494
4496
4497
4498
4501
4504
4506
4510
4511
4513
4514
4515
4517
4518
4519
4522
4524
4525
4526
4527
4528
4529
4531
4533
4534
4535
4537
4538
4540
4541
4542
4543
4545
4546
4548
4551
4552
4553
4554
4555
4556
4559
4560
4562
4564
4565
4566
4569
4571
4572
4573
4577
4578
4579
4581
4582
4583
4584
4587
4589
4591
4592
4595
4596
4597
4598
4600
4601
4602
4603
4604
4605
4606
4607
4608
4609
4610
4611
4612
4614
4616
4618
4620
4621
4622
4623
4624
4625
4626
4627
4628
4629
4630
4632
4633
4634
4636
4638
4640
4641
4642
4643
4644
4645
4649
4650
4652
4654
4655
4656
4659
4660
4661
4662
4663
4665
4666
4667
4668
4669
4670
4672
4676
4677
4678
4679
4680
4681
4682
4683
4686
4687
4688
4689
4690
4692
4694
4695
4696
4697
4698
4699
4701
4704
4706
4708
4710
4711
4713
4714
4715
4718
4722
4723
4724
4725
4726
4727
4728
4729
4731
4732
4735
4737
4738
4739
4740
4741
4742
4748
4749
4751
4752
4753
4757
4758
4759
4760
4762
4766
4767
4768
4769
4772
4773
4775
4776
4780
4781
4782
4783
4784
4785
4786
4788
4789
4792
4793
4794
4795
4796
4798
4801
4802
4803
4804
4806
4807
4808
4810
4811
4812
4813
4814
4815
4816
4817
4818
4819
4820
4821
4822
4823
4824
4825
4826
4827
4828
4830
4831
4832
4833
4834
4835
4836
4837
4839
4840
4841
4842
4843
4844
4845
4847
4848
4849
4851
4852
4853
4854
4857
4859
4860
4861
4862
4863
4866
4867
4868
4869
4870
4871
4872
4873
4874
4875
4876
4878
4879
4880
4881
4882
4884
4886
4887
4888
4891
4893
4894
4895
4896
4897
4903
4906
4912
4913
4914
4915
4918
4921
4922
4923
4924
4925
4926
4927
4929
4930
4931
4932
4933
4934
4937
4938
4939
4941
4942
4943
4944
4946
4947
4948
4951
4952
4955
4956
4957
4958
4960
4962
4964
4965
4966
4967
4968
4969
4972
4973
4974
4975
4976
4978
4981
4983
4984
4985
4986
4987
4992
4993
4996
5014
5015
5016
5027
5028
5033
5038
5039
5041
5044
5046
5051
5061
5064
5066
5069
5072
5082
5083
5088
5093
5096
5104
5105
5106
5114
5115
5116
5122
5123
5125
5127
5128
5129
5132
5133
5134
5136
5138
5139
5140
5141
5143
5144
5145
5147
5148
5149
5150
5151
5152
5154
5156
5160
5161
5163
5165
5166
5167
5169
5172
5174
5176
5182
5183
5184
5188
5192
5193
5194
5196
5199
5207
5208
5212
5213
5215
5217
5218
5219
5221
5224
5225
5226
5227
5228
5231
5233
5235
5236
5237
5238
5239
5242
5244
5245
5246
5247
5248
5249
5251
5252
5253
5254
5257
5259
5262
5263
5264
5266
5267
5268
5269
5270
5271
5272
5273
5274
5275
5276
5277
5279
5280
5281
5282
5283
5284
5286
5288
5289
5291
5293
5294
5295
5296
5297
5298
5303
5308
5309
5312
5313
5314
5316
5318
5319
5321
5323
5325
5326
5327
5328
5329
5330
5331
5332
5333
5334
5335
5336
5339
5341
5343
5344
5345
5347
5348
5352
5353
5354
5356
5358
5361
5362
5363
5365
5367
5368
5369
5372
5374
5376
5378
5379
5380
5381
5382
5384
5385
5386
5387
5388
5389
5390
5391
5392
5393
5396
5397
5398
5399
5401
5404
5406
5410
5411
5413
5414
5415
5417
5418
5419
5422
5424
5425
5426
5427
5428
5429
5431
5433
5434
5435
5437
5438
5440
5441
5442
5443
5445
5446
5448
5451
5452
5453
5454
5455
5456
5459
5460
5462
5464
5465
5466
5469
5471
5472
5473
5477
5478
5479
5481
5482
5483
5484
5487
5489
5491
5492
5495
5496
5497
5498
5501
5510
5511
5512
5514
5516
5521
5522
5523
5524
5527
5529
5532
5533
5534
5536
5538
5541
5542
5543
5544
5545
5546
5549
5554
5555
5556
5559
5561
5563
5564
5565
5566
5567
5568
5572
5576
5577
5578
5583
5586
5587
5588
5589
5592
5594
5595
5598
5599
5601
5604
5606
5609
5610
5611
5613
5615
5616
5617
5619
5622
5623
5624
5626
5627
5628
5629
5631
5632
5633
5635
5637
5638
5639
5640
5642
5644
5645
5646
5649
5651
5653
5654
5655
5656
5657
5658
5660
5661
5662
5664
5665
5667
5668
5669
5671
5672
5673
5675
5676
5678
5679
5682
5683
5685
5686
5687
5689
5690
5691
5692
5693
5694
5696
5697
5698
5699
5702
5712
5714
5716
5720
5721
5722
5723
5724
5725
5726
5727
5729
5732
5734
5736
5738
5739
5741
5742
5743
5747
5748
5749
5752
5756
5757
5758
5761
5762
5763
5765
5766
5768
5769
5772
5774
5775
5783
5784
5785
5786
5788
5789
5792
5793
5794
5796
5798
5802
5803
5808
5812
5813
5814
5818
5820
5821
5822
5823
5824
5826
5828
5829
5830
5831
5832
5834
5835
5836
5837
5838
5839
5841
5842
5843
5844
5847
5849
5853
5856
5857
5858
5859
5862
5863
5865
5866
5867
5869
5873
5874
5875
5876
5878
5879
5880
5881
5882
5883
5885
5887
5888
5889
5892
5893
5894
5895
5896
5897
5898
5903
5906
5912
5913
5914
5916
5919
5921
5923
5924
5925
5926
5927
5928
5930
5931
5932
5933
5936
5937
5938
5939
5941
5942
5945
5946
5947
5948
5952
5954
5955
5958
5959
5960
5961
5962
5963
5964
5966
5967
5968
5969
5972
5973
5974
5976
5978
5982
5983
5984
5985
5986
5987
5988
5991
5993
5995
5996
6004
6013
6014
6015
6022
6023
6024
6026
6028
6029
6031
6032
6034
6036
6037
6038
6040
6041
6042
6043
6044
6045
6046
6047
6048
6049
6051
6054
6056
6059
6062
6063
6064
6065
6073
6074
6082
6083
6084
6089
6092
6094
6095
6098
6099
6103
6104
6105
6112
6113
6114
6115
6118
6119
6121
6122
6123
6124
6126
6127
6128
6129
6130
6131
6132
6133
6135
6136
6137
6138
6139
6140
6141
6142
6144
6146
6148
6150
6151
6153
6155
6156
6157
6159
6162
6163
6164
6165
6166
6172
6173
6175
6181
6182
6183
6184
6189
6191
6192
6193
6195
6198
6199
6202
6203
6204
6206
6208
6209
6211
6212
6213
6214
6216
6217
6218
6219
6220
6221
6223
6224
6225
6226
6227
6228
6230
6231
6232
6233
6234
6235
6236
6237
6238
6239
6240
6241
6242
6243
6244
6245
6246
6247
6248
6249
6252
6253
6254
6256
6257
6258
6259
6260
6261
6262
6263
6264
6265
6266
6267
6268
6269
6271
6272
6273
6274
6275
6276
6278
6279
6280
6281
6282
6283
6284
6285
6286
6287
6288
6289
6290
6291
6293
6294
6295
6296
6297
6298
6301
6302
6304
6306
6307
6308
6310
6311
6312
6313
6315
6316
6317
6318
6319
6320
6321
6322
6323
6324
6325
6326
6327
6328
6329
6331
6332
6333
6334
6335
6337
6338
6339
6340
6342
6343
6344
6346
6348
6351
6352
6353
6355
6357
6358
6359
6360
6361
6362
6364
6366
6367
6368
6369
6370
6371
6372
6373
6375
6376
6378
6379
6380
6381
6382
6383
6384
6385
6386
6387
6388
6389
6391
6392
6393
6395
6396
6397
6398
6399
6400
6401
6402
6403
6404
6405
6406
6407
6408
6409
6410
6411
6412
6414
6416
6418
6420
6421
6422
6423
6424
6425
6426
6427
6428
6429
6430
6432
6433
6434
6436
6438
6440
6441
6442
6443
6444
6445
6449
6450
6452
6454
6455
6456
6459
6460
6461
6462
6463
6465
6466
6467
6468
6469
6470
6472
6476
6477
6478
6479
6480
6481
6482
6483
6486
6487
6488
6489
6490
6492
6494
6495
6496
6497
6498
6499
6501
6504
6506
6509
6510
6511
6513
6515
6516
6517
6519
6522
6523
6524
6526
6527
6528
6529
6531
6532
6533
6535
6537
6538
6539
6540
6542
6544
6545
6546
6549
6551
6553
6554
6555
6556
6557
6558
6560
6561
6562
6564
6565
6567
6568
6569
6571
6572
6573
6575
6576
6578
6579
6582
6583
6585
6586
6587
6589
6590
6591
6592
6593
6594
6596
6597
6598
6599
6602
6603
6604
6605
6612
6613
6614
6615
6616
6620
6621
6622
6623
6624
6625
6626
6627
6628
6629
6630
6631
6632
6634
6636
6637
6638
6639
6640
6641
6642
6643
6645
6646
6647
6648
6649
6650
6651
6652
6654
6655
6657
6658
6659
6661
6662
6663
6664
6666
6669
6672
6673
6674
6675
6682
6683
6684
6685
6688
6689
6692
6693
6694
6695
6696
6698
6703
6704
6712
6713
6715
6721
6722
6723
6724
6725
6726
6728
6729
6730
6731
6732
6733
6735
6736
6738
6739
6740
6742
6746
6747
6748
6749
6751
6752
6753
6755
6756
6758
6759
6762
6763
6764
6765
6774
6782
6783
6784
6785
6789
6792
6793
6794
6795
6798
6799
6802
6803
6804
6809
6811
6812
6813
6814
6819
6820
6821
6822
6823
6824
6825
6826
6827
6828
6829
6830
6831
6832
6833
6834
6835
6836
6837
6838
6839
6840
6841
6842
6843
6846
6847
6848
6849
6852
6853
6855
6856
6857
6859
6862
6863
6864
6865
6868
6869
6872
6873
6874
6875
6879
6882
6883
6884
6886
6888
6889
6890
6891
6892
6893
6894
6895
6896
6897
6898
6899
6902
6904
6905
6908
6909
6911
6912
6913
6915
6918
6919
6920
6921
6923
6924
6925
6926
6927
6928
6931
6932
6933
6935
6936
6937
6938
6939
6940
6942
6944
6945
6946
6947
6948
6949
6950
6951
6952
6953
6954
6956
6957
6958
6959
6962
6963
6964
6965
6966
6968
6972
6973
6974
6975
6978
6979
6980
6981
6982
6983
6984
6985
6986
6987
6988
6989
6990
6991
6993
6994
6995
6997
6998
7013
7014
7025
7031
7033
7036
7038
7041
7044
7046
7048
7052
7063
7064
7083
7084
7089
7098
7103
7104
7113
7114
7122
7123
7125
7126
7128
7129
7130
7131
7132
7133
7134
7136
7139
7140
7141
7143
7144
7145
7148
7152
7154
7156
7162
7163
7165
7179
7182
7184
7188
7189
7192
7193
7197
7198
7199
7205
7212
7213
7215
7216
7218
7219
7221
7224
7225
7226
7228
7231
7233
7234
7235
7236
7237
7238
7239
7242
7243
7244
7245
7246
7247
7248
7249
7250
7251
7252
7253
7254
7255
7256
7257
7259
7261
7262
7263
7264
7265
7266
7268
7269
7273
7274
7275
7278
7281
7282
7283
7284
7286
7287
7289
7291
7293
7294
7295
7296
7298
7301
7303
7306
7308
7310
7311
7312
7313
7314
7316
7319
7321
7323
7324
7325
7326
7327
7328
7329
7330
7331
7332
7336
7338
7339
7341
7342
7345
7347
7348
7349
7352
7354
7356
7358
7359
7360
7361
7362
7363
7365
7366
7368
7369
7372
7374
7377
7378
7380
7382
7383
7384
7385
7386
7387
7388
7391
7392
7393
7394
7395
7396
7401
7404
7406
7408
7410
7411
7413
7414
7415
7418
7422
7423
7424
7425
7426
7427
7428
7429
7431
7432
7435
7437
7438
7439
7440
7441
7442
7448
7449
7451
7452
7453
7457
7458
7459
7460
7462
7466
7467
7468
7469
7472
7473
7475
7476
7480
7481
7482
7483
7484
7485
7486
7488
7489
7492
7493
7494
7495
7496
7498
7502
7512
7514
7516
7520
7521
7522
7523
7524
7525
7526
7527
7529
7532
7534
7536
7538
7539
7541
7542
7543
7547
7548
7549
7552
7556
7557
7558
7561
7562
7563
7565
7566
7568
7569
7572
7574
7575
7583
7584
7585
7586
7588
7589
7592
7593
7594
7596
7598
7603
7604
7612
7613
7615
7621
7622
7623
7624
7625
7626
7628
7629
7630
7631
7632
7633
7635
7636
7638
7639
7640
7642
7646
7647
7648
7649
7651
7652
7653
7655
7656
7658
7659
7662
7663
7664
7665
7674
7682
7683
7684
7685
7689
7692
7693
7694
7695
7698
7699
7719
7723
7724
7725
7728
7732
7734
7737
7738
7742
7743
7745
7746
7752
7754
7755
7764
7773
7782
7783
7791
7803
7804
7809
7812
7814
7818
7819
7821
7822
7823
7824
7826
7827
7829
7830
7832
7833
7834
7835
7836
7837
7838
7840
7841
7842
7843
7844
7845
7846
7848
7849
7853
7854
7855
7856
7858
7859
7862
7863
7864
7865
7869
7872
7873
7881
7883
7884
7885
7889
7890
7891
7892
7894
7895
7896
7898
7908
7912
7913
7917
7918
7919
7921
7923
7924
7925
7926
7928
7931
7932
7933
7934
7935
7936
7942
7943
7944
7945
7946
7948
7952
7953
7954
7956
7958
7962
7963
7964
7965
7968
7969
7971
7980
7981
7982
7984
7985
7986
7988
7991
7996
8003
8012
8013
8014
8021
8023
8024
8025
8026
8028
8030
8031
8032
8033
8034
8035
8036
8037
8038
8039
8041
8042
8043
8044
8046
8047
8048
8052
8053
8058
8062
8063
8064
8069
8073
8074
8079
8082
8083
8084
8085
8088
8093
8096
8097
8102
8103
8104
8112
8113
8114
8116
8118
8120
8121
8123
8124
8125
8126
8127
8128
8129
8130
8131
8132
8133
8134
8135
8136
8138
8139
8140
8141
8142
8143
8144
8145
8146
8147
8148
8149
8152
8153
8154
8158
8161
8162
8163
8164
8169
8172
8174
8178
8179
8181
8182
8183
8184
8185
8187
8188
8189
8192
8193
8194
8196
8197
8198
8201
8203
8204
8205
8206
8208
8210
8211
8213
8214
8215
8216
8217
8218
8219
8222
8223
8224
8225
8226
8227
8228
8229
8230
8231
8232
8233
8234
8235
8236
8237
8238
8239
8240
8241
8242
8243
8244
8245
8246
8247
8248
8250
8251
8252
8253
8254
8256
8258
8259
8260
8261
8262
8263
8264
8265
8266
8267
8268
8269
8271
8272
8273
8274
8276
8277
8279
8280
8281
8282
8283
8284
8285
8286
8288
8291
8292
8293
8295
8296
8297
8299
8300
8301
8302
8303
8304
8305
8306
8307
8308
8309
8310
8311
8312
8313
8314
8315
8316
8318
8319
8320
8321
8322
8323
8324
8325
8326
8327
8328
8329
8330
8331
8332
8333
8334
8336
8337
8339
8340
8341
8342
8343
8344
8345
8346
8347
8349
8350
8351
8352
8354
8355
8356
8357
8358
8359
8360
8361
8362
8363
8364
8365
8366
8367
8368
8369
8370
8372
8373
8374
8375
8376
8377
8378
8380
8381
8382
8385
8386
8387
8388
8389
8390
8391
8392
8393
8394
8395
8396
8398
8399
8401
8402
8403
8404
8406
8407
8408
8410
8411
8412
8413
8414
8415
8416
8417
8418
8419
8420
8421
8422
8423
8424
8425
8426
8427
8428
8430
8431
8432
8433
8434
8435
8436
8437
8439
8440
8441
8442
8443
8444
8445
8447
8448
8449
8451
8452
8453
8454
8457
8459
8460
8461
8462
8463
8466
8467
8468
8469
8470
8471
8472
8473
8474
8475
8476
8478
8479
8480
8481
8482
8484
8486
8487
8488
8491
8493
8494
8495
8496
8497
8502
8503
8508
8512
8513
8514
8518
8520
8521
8522
8523
8524
8526
8528
8529
8530
8531
8532
8534
8535
8536
8537
8538
8539
8541
8542
8543
8544
8547
8549
8553
8556
8557
8558
8559
8562
8563
8565
8566
8567
8569
8573
8574
8575
8576
8578
8579
8580
8581
8582
8583
8585
8587
8588
8589
8592
8593
8594
8595
8596
8597
8598
8602
8603
8604
8609
8611
8612
8613
8614
8619
8620
8621
8622
8623
8624
8625
8626
8627
8628
8629
8630
8631
8632
8633
8634
8635
8636
8637
8638
8639
8640
8641
8642
8643
8646
8647
8648
8649
8652
8653
8655
8656
8657
8659
8662
8663
8664
8665
8668
8669
8672
8673
8674
8675
8679
8682
8683
8684
8686
8688
8689
8690
8691
8692
8693
8694
8695
8696
8697
8698
8699
8703
8704
8709
8712
8714
8718
8719
8721
8722
8723
8724
8726
8727
8729
8730
8732
8733
8734
8735
8736
8737
8738
8740
8741
8742
8743
8744
8745
8746
8748
8749
8753
8754
8755
8756
8758
8759
8762
8763
8764
8765
8769
8772
8773
8781
8783
8784
8785
8789
8790
8791
8792
8794
8795
8796
8798
8802
8803
8804
8805
8808
8811
8812
8813
8814
8815
8817
8818
8819
8820
8821
8822
8823
8824
8825
8826
8828
8830
8831
8832
8835
8836
8837
8838
8839
8840
8841
8842
8844
8846
8847
8848
8850
8851
8852
8853
8855
8857
8858
8859
8862
8863
8864
8866
8868
8869
8871
8873
8874
8875
8879
8880
8881
8882
8883
8884
8885
8886
8891
8893
8895
8896
8897
8903
8906
8907
8912
8913
8914
8916
8917
8918
8921
8922
8923
8925
8926
8927
8929
8930
8931
8932
8933
8934
8935
8936
8938
8939
8941
8943
8944
8945
8946
8947
8952
8953
8954
8955
8956
8957
8958
8960
8961
8962
8963
8964
8965
8966
8967
8968
8969
8970
8971
8972
8974
8975
8976
8978
8981
8983
8985
8986
8987
8992
8993
8996
9013
9023
9026
9031
9032
9033
9034
9035
9038
9043
9046
9053
9056
9062
9064
9065
9068
9069
9078
9083
9086
9087
9096
9103
9113
9116
9123
9124
9125
9126
9127
9128
9130
9131
9132
9133
9134
9135
9136
9137
9138
9139
9142
9143
9144
9145
9148
9152
9153
9154
9156
9159
9161
9162
9163
9165
9168
9169
9172
9173
9177
9178
9179
9182
9183
9184
9186
9187
9188
9193
9195
9196
9197
9203
9206
9213
9214
9215
9216
9217
9218
9222
9223
9224
9228
9230
9231
9232
9233
9234
9235
9236
9237
9238
9239
9241
9242
9243
9244
9245
9246
9247
9249
9251
9253
9254
9255
9256
9257
9258
9260
9261
9263
9264
9265
9266
9267
9268
9271
9273
9274
9275
9276
9278
9281
9282
9283
9285
9286
9287
9289
9293
9294
9298
9301
9302
9303
9304
9305
9308
9310
9311
9312
9313
9314
9315
9316
9317
9318
9319
9320
9321
9322
9323
9324
9325
9326
9327
9328
9329
9330
9331
9332
9334
9335
9336
9337
9338
9339
9340
9341
9342
9343
9344
9347
9348
9349
9350
9351
9352
9353
9356
9357
9358
9359
9361
9362
9363
9365
9366
9367
9368
9369
9371
9372
9373
9374
9375
9376
9380
9381
9382
9383
9384
9385
9386
9388
9389
9391
9392
9393
9394
9395
9396
9398
9399
9403
9406
9412
9413
9414
9415
9418
9421
9422
9423
9424
9425
9426
9427
9429
9430
9431
9432
9433
9434
9437
9438
9439
9441
9442
9443
9444
9446
9447
9448
9451
9452
9455
9456
9457
9458
9460
9462
9464
9465
9466
9467
9468
9469
9472
9473
9474
9475
9476
9478
9481
9483
9484
9485
9486
9487
9492
9493
9496
9503
9506
9512
9513
9514
9516
9519
9521
9523
9524
9525
9526
9527
9528
9530
9531
9532
9533
9536
9537
9538
9539
9541
9542
9545
9546
9547
9548
9552
9554
9555
9558
9559
9560
9561
9562
9563
9564
9566
9567
9568
9569
9572
9573
9574
9576
9578
9582
9583
9584
9585
9586
9587
9588
9591
9593
9595
9596
9602
9604
9605
9608
9609
9611
9612
9613
9615
9618
9619
9620
9621
9623
9624
9625
9626
9627
9628
9631
9632
9633
9635
9636
9637
9638
9639
9640
9642
9644
9645
9646
9647
9648
9649
9650
9651
9652
9653
9654
9656
9657
9658
9659
9662
9663
9664
9665
9666
9668
9672
9673
9674
9675
9678
9679
9680
9681
9682
9683
9684
9685
9686
9687
9688
9689
9690
9691
9693
9694
9695
9697
9698
9708
9712
9713
9717
9718
9719
9721
9723
9724
9725
9726
9728
9731
9732
9733
9734
9735
9736
9742
9743
9744
9745
9746
9748
9752
9753
9754
9756
9758
9762
9763
9764
9765
9768
9769
9771
9780
9781
9782
9784
9785
9786
9788
9791
9796
9803
9806
9807
9812
9813
9814
9816
9817
9818
9821
9822
9823
9825
9826
9827
9829
9830
9831
9832
9833
9834
9835
9836
9838
9839
9841
9843
9844
9845
9846
9847
9852
9853
9854
9855
9856
9857
9858
9860
9861
9862
9863
9864
9865
9866
9867
9868
9869
9870
9871
9872
9874
9875
9876
9878
9881
9883
9885
9886
9887
9892
9893
9896
9906
9913
9915
9916
9917
9923
9924
9928
9931
9932
9933
9934
9935
9936
9938
9939
9942
9943
9946
9951
9953
9955
9956
9960
9961
9963
9964
9965
9967
9968
9971
9976
9982
9983
9986
9993