1119
1126
1128
1129
1133
1135
1136
1137
1139
1144
1145
1146
1147
1149
1153
1154
1158
1162
1163
1164
1166
1173
1174
1179
1182
1185
1188
1189
1190
1191
1192
1193
1194
1197
1198
1199
1206
1208
1209
1216
1218
1219
1223
1227
1228
1229
1232
1233
1234
1235
1236
1237
1238
1239
1243
1244
1245
1246
1247
1248
1249
1253
1254
1255
1256
1257
1258
1259
1260
1261
1263
1264
1265
1266
1267
1268
1269
1272
1273
1274
1275
1276
1278
1279
1280
1281
1282
1283
1284
1285
1286
1287
1288
1289
1290
1291
1292
1293
1294
1295
1296
1297
1298
1299
1305
1306
1307
1309
1313
1315
1316
1317
1319
1322
1323
1324
1325
1326
1327
1328
1329
1331
1332
1333
1334
1335
1336
1337
1338
1339
1342
1343
1344
1345
1346
1347
1349
1350
1351
1352
1353
1354
1356
1358
1359
1360
1361
1362
1363
1364
1365
1366
1367
1368
1369
1370
1371
1372
1373
1374
1376
1377
1378
1379
1382
1383
1385
1386
1387
1388
1389
1390
1391
1392
1393
1394
1395
1396
1397
1398
1399
1406
1414
1415
1416
1417
1419
1423
1424
1425
1426
1427
1428
1429
1432
1433
1434
1435
1436
1437
1439
1441
1442
1443
1446
1449
1451
1452
1453
1456
1457
1458
1459
1460
1461
1462
1463
1464
1465
1466
1467
1468
1469
1471
1472
1473
1475
1476
1477
1478
1479
1482
1485
1486
1487
1488
1489
1491
1492
1493
1494
1495
1496
1497
1498
1499
1503
1513
1514
1518
1523
1524
1525
1526
1527
1528
1529
1530
1531
1532
1533
1534
1536
1538
1539
1541
1542
1543
1546
1547
1548
1549
1552
1556
1557
1558
1559
1562
1563
1564
1565
1566
1567
1568
1572
1574
1575
1576
1577
1579
1581
1582
1583
1584
1585
1586
1589
1592
1593
1594
1595
1597
1598
1599
1602
1603
1604
1612
1613
1614
1616
1620
1621
1623
1624
1625
1626
1627
1628
1629
1630
1631
1632
1633
1634
1635
1636
1637
1638
1639
1640
1641
1642
1643
1644
1645
1646
1647
1648
1649
1652
1653
1654
1655
1656
1657
1658
1661
1662
1663
1664
1665
1666
1667
1669
1672
1673
1674
1675
1676
1682
1683
1684
1685
1689
1692
1693
1694
1696
1698
1703
1713
1714
1719
1722
1723
1724
1725
1726
1728
1729
1730
1731
1732
1733
1734
1736
1737
1738
1739
1741
1742
1743
1745
1746
1747
1748
1749
1752
1754
1755
1756
1757
1759
1762
1763
1764
1765
1766
1773
1774
1775
1782
1783
1784
1791
1792
1793
1794
1795
1799
1802
1809
1812
1815
1818
1819
1820
1821
1822
1823
1824
1825
1826
1827
1828
1829
1832
1833
1835
1836
1837
1838
1839
1842
1845
1846
1847
1848
1849
1851
1852
1853
1854
1855
1856
1859
1862
1863
1864
1865
1869
1872
1873
1874
1881
1882
1883
1884
1890
1891
1892
1893
1894
1895
1896
1901
1902
1903
1908
1909
1910
1911
1912
1913
1914
1917
1918
1919
1920
1921
1922
1923
1924
1925
1926
1927
1928
1929
1930
1931
1932
1933
1934
1935
1936
1937
1938
1939
1941
1942
1943
1944
1945
1946
1947
1948
1949
1952
1953
1954
1955
1957
1958
1959
1962
1963
1964
1966
1968
1971
1972
1973
1974
1975
1979
1980
1981
1982
1983
1984
1985
1986
1990
1991
1992
1993
1994
1995
1997
2009
2016
2018
2019
2027
2028
2029
2033
2034
2036
2038
2039
2043
2044
2045
2047
2049
2054
2056
2058
2059
2061
2063
2065
2066
2069
2072
2074
2079
2081
2082
2083
2085
2088
2089
2090
2091
2092
2093
2094
2095
2096
2097
2098
2099
2106
2108
2109
2116
2118
2119
2123
2127
2128
2129
2132
2133
2134
2135
2136
2137
2138
2139
2143
2144
2145
2146
2147
2148
2149
2153
2154
2155
2156
2157
2158
2159
2160
2161
2163
2164
2165
2166
2167
2168
2169
2172
2173
2174
2175
2176
2178
2179
2180
2181
2182
2183
2184
2185
2186
2187
2188
2189
2190
2191
2192
2193
2194
2195
2196
2197
2198
2199
2207
2208
2209
2213
2217
2218
2219
2224
2225
2226
2227
2228
2229
2231
2234
2235
2236
2237
2238
2239
2242
2243
2244
2245
2246
2247
2248
2249
2252
2253
2254
2255
2256
2258
2259
2262
2263
2264
2265
2266
2267
2268
2269
2270
2271
2272
2273
2274
2276
2277
2278
2280
2281
2282
2283
2284
2285
2286
2287
2289
2290
2291
2292
2293
2294
2295
2296
2298
2299
2303
2304
2306
2308
2309
2312
2313
2314
2315
2316
2317
2318
2319
2321
2324
2325
2326
2327
2328
2329
2330
2331
2333
2334
2335
2336
2337
2338
2339
2340
2341
2342
2343
2344
2346
2347
2348
2349
2351
2352
2353
2355
2356
2357
2358
2359
2360
2361
2362
2363
2364
2365
2366
2367
2368
2369
2371
2372
2373
2374
2375
2376
2377
2379
2380
2381
2382
2383
2384
2385
2386
2388
2389
2390
2391
2392
2393
2394
2395
2396
2397
2398
2399
2403
2404
2405
2407
2409
2413
2414
2415
2416
2417
2418
2419
2422
2423
2424
2425
2426
2427
2428
2429
2430
2431
2432
2433
2434
2436
2437
2438
2439
2440
2441
2442
2443
2444
2445
2446
2447
2448
2449
2450
2451
2452
2454
2455
2456
2457
2458
2459
2461
2462
2463
2464
2465
2466
2468
2469
2470
2471
2472
2473
2474
2475
2478
2479
2481
2482
2483
2484
2485
2486
2487
2488
2489
2490
2491
2492
2493
2494
2495
2496
2497
2498
2499
2504
2506
2508
2509
2513
2514
2515
2516
2517
2518
2519
2522
2523
2524
2525
2526
2528
2529
2531
2532
2533
2535
2536
2537
2538
2539
2540
2541
2542
2544
2545
2546
2547
2548
2549
2551
2552
2553
2554
2555
2556
2559
2560
2561
2562
2563
2564
2565
2566
2567
2568
2569
2571
2573
2574
2576
2577
2578
2579
2580
2581
2582
2583
2584
2586
2587
2588
2589
2590
2591
2592
2593
2594
2595
2596
2597
2598
2599
2601
2603
2605
2606
2609
2610
2611
2613
2614
2615
2616
2617
2618
2619
2622
2623
2624
2625
2626
2627
2628
2629
2630
2631
2632
2633
2634
2635
2636
2637
2638
2639
2641
2642
2643
2644
2645
2646
2648
2649
2650
2651
2652
2653
2654
2655
2656
2657
2658
2659
2660
2661
2662
2663
2664
2665
2666
2668
2669
2671
2672
2673
2675
2677
2678
2679
2681
2682
2683
2684
2685
2686
2687
2688
2689
2690
2691
2692
2693
2694
2695
2696
2697
2698
2699
2702
2704
2709
2712
2713
2714
2715
2716
2718
2719
2720
2721
2722
2723
2724
2726
2727
2728
2731
2732
2733
2734
2735
2736
2737
2739
2740
2741
2742
2743
2744
2745
2748
2749
2751
2753
2754
2756
2757
2758
2759
2761
2762
2763
2765
2767
2768
2769
2772
2773
2775
2776
2778
2779
2781
2782
2784
2785
2786
2787
2789
2790
2791
2793
2794
2795
2796
2797
2798
2801
2802
2803
2805
2808
2809
2810
2811
2812
2813
2814
2815
2816
2817
2818
2819
2820
2821
2822
2823
2824
2825
2826
2827
2829
2830
2831
2832
2833
2834
2835
2836
2838
2839
2841
2842
2843
2844
2845
2846
2847
2848
2849
2850
2851
2852
2853
2854
2856
2857
2858
2859
2861
2862
2863
2864
2865
2866
2867
2868
2869
2871
2872
2874
2875
2876
2877
2879
2880
2881
2883
2884
2885
2886
2889
2890
2891
2892
2893
2894
2895
2896
2897
2898
2899
2900
2901
2902
2903
2904
2905
2906
2907
2908
2909
2910
2911
2912
2913
2914
2915
2916
2917
2918
2919
2920
2921
2922
2923
2924
2925
2926
2928
2929
2930
2931
2932
2933
2934
2935
2936
2937
2938
2939
2940
2941
2942
2943
2944
2945
2946
2947
2948
2949
2950
2951
2952
2953
2954
2955
2956
2957
2958
2959
2960
2961
2962
2963
2964
2965
2966
2967
2968
2969
2970
2971
2973
2974
2975
2976
2977
2978
2980
2981
2982
2983
2984
2985
2986
2987
2988
2989
2990
2991
2992
2993
2994
2995
2996
2998
2999
3006
3015
3016
3017
3019
3023
3024
3026
3028
3029
3032
3033
3035
3036
3037
3039
3042
3046
3051
3053
3056
3059
3060
3061
3062
3063
3064
3065
3066
3067
3068
3069
3071
3073
3076
3078
3082
3086
3087
3091
3092
3093
3095
3096
3099
3105
3106
3107
3109
3113
3115
3116
3117
3119
3122
3123
3124
3125
3126
3127
3128
3129
3131
3132
3133
3134
3135
3136
3137
3138
3139
3142
3143
3144
3145
3146
3147
3149
3150
3151
3152
3153
3154
3156
3158
3159
3160
3161
3162
3163
3164
3165
3166
3167
3168
3169
3170
3171
3172
3173
3174
3176
3177
3178
3179
3182
3183
3185
3186
3187
3188
3189
3190
3191
3192
3193
3194
3195
3196
3197
3198
3199
3203
3204
3206
3208
3209
3212
3213
3214
3215
3216
3217
3218
3219
3221
3224
3225
3226
3227
3228
3229
3230
3231
3233
3234
3235
3236
3237
3238
3239
3240
3241
3242
3243
3244
3246
3247
3248
3249
3251
3252
3253
3255
3256
3257
3258
3259
3260
3261
3262
3263
3264
3265
3266
3267
3268
3269
3271
3272
3273
3274
3275
3276
3277
3279
3280
3281
3282
3283
3284
3285
3286
3288
3289
3290
3291
3292
3293
3294
3295
3296
3297
3298
3299
3302
3303
3305
3306
3307
3309
3311
3312
3313
3314
3315
3316
3317
3318
3319
3320
3321
3323
3324
3325
3326
3327
3328
3329
3330
3331
3332
3333
3334
3335
3336
3338
3339
3341
3342
3343
3345
3346
3348
3349
3350
3351
3352
3353
3354
3356
3357
3359
3360
3361
3362
3363
3364
3365
3366
3367
3368
3369
3370
3371
3372
3375
3376
3379
3381
3382
3383
3384
3386
3389
3390
3391
3392
3393
3394
3395
3396
3397
3398
3399
3402
3406
3412
3413
3414
3415
3416
3417
3419
3420
3421
3422
3423
3424
3426
3427
3428
3429
3431
3432
3433
3435
3436
3438
3439
3441
3442
3445
3446
3447
3451
3453
3454
3455
3456
3457
3459
3460
3461
3462
3463
3464
3465
3466
3467
3468
3469
3471
3472
3474
3475
3476
3477
3479
3482
3483
3486
3489
3491
3492
3493
3495
3496
3497
3498
3499
3501
3503
3506
3509
3510
3511
3512
3513
3514
3516
3518
3519
3521
3522
3523
3525
3526
3527
3528
3529
3530
3531
3532
3533
3534
3536
3537
3539
3541
3543
3544
3545
3546
3547
3549
3552
3554
3555
3556
3558
3560
3561
3562
3563
3564
3565
3566
3568
3569
3572
3573
3574
3578
3579
3581
3582
3585
3586
3587
3588
3589
3590
3591
3592
3593
3594
3596
3597
3598
3599
3600
3601
3602
3603
3604
3605
3606
3607
3608
3609
3610
3611
3612
3613
3614
3615
3616
3617
3618
3619
3620
3621
3622
3623
3624
3625
3626
3627
3628
3629
3630
3631
3632
3633
3634
3635
3636
3637
3638
3639
3640
3641
3642
3643
3644
3645
3646
3647
3648
3649
3650
3651
3652
3653
3654
3655
3656
3658
3659
3660
3661
3662
3663
3664
3665
3666
3667
3668
3669
3670
3671
3672
3673
3674
3676
3677
3678
3679
3680
3681
3682
3683
3684
3685
3686
3687
3688
3689
3690
3691
3692
3693
3694
3695
3696
3697
3698
3699
3701
3703
3706
3708
3710
3711
3712
3713
3714
3716
3717
3718
3719
3721
3722
3723
3724
3725
3726
3727
3729
3730
3731
3732
3735
3736
3739
3741
3742
3744
3745
3746
3747
3749
3752
3753
3754
3758
3759
3760
3761
3762
3763
3764
3766
3767
3768
3769
3771
3772
3774
3776
3777
3780
3781
3785
3786
3789
3791
3792
3793
3794
3795
3796
3798
3802
3806
3807
3812
3813
3815
3816
3817
3818
3819
3820
3821
3822
3823
3824
3825
3826
3828
3829
3831
3832
3833
3834
3836
3839
3842
3843
3846
3849
3851
3852
3855
3856
3857
3858
3859
3860
3861
3862
3863
3864
3865
3866
3867
3868
3869
3870
3871
3875
3876
3879
3881
3882
3885
3886
3891
3892
3893
3894
3895
3896
3897
3901
3902
3903
3905
3906
3909
3910
3911
3912
3913
3914
3915
3916
3917
3918
3919
3920
3921
3922
3923
3924
3925
3926
3927
3928
3929
3930
3931
3932
3933
3934
3935
3936
3937
3938
3939
3941
3942
3943
3945
3946
3947
3948
3949
3950
3951
3952
3953
3954
3956
3957
3958
3959
3960
3961
3962
3963
3964
3965
3966
3967
3968
3969
3971
3972
3973
3974
3975
3976
3978
3981
3982
3983
3984
3985
3986
3987
3990
3991
3992
3993
3994
3995
3996
3999
4016
4023
4024
4025
4027
4029
4032
4036
4042
4052
4059
4061
4063
4066
4067
4068
4069
4072
4076
4077
4086
4089
4092
4095
4096
4098
4099
4106
4114
4115
4116
4117
4119
4123
4124
4125
4126
4127
4128
4129
4132
4133
4134
4135
4136
4137
4139
4141
4142
4143
4146
4149
4151
4152
4153
4156
4157
4158
4159
4160
4161
4162
4163
4164
4165
4166
4167
4168
4169
4171
4172
4173
4175
4176
4177
4178
4179
4182
4185
4186
4187
4188
4189
4191
4192
4193
4194
4195
4196
4197
4198
4199
4203
4204
4205
4207
4209
4213
4214
4215
4216
4217
4218
4219
4222
4223
4224
4225
4226
4227
4228
4229
4230
4231
4232
4233
4234
4236
4237
4238
4239
4240
4241
4242
4243
4244
4245
4246
4247
4248
4249
4250
4251
4252
4254
4255
4256
4257
4258
4259
4261
4262
4263
4264
4265
4266
4268
4269
4270
4271
4272
4273
4274
4275
4278
4279
4281
4282
4283
4284
4285
4286
4287
4288
4289
4290
4291
4292
4293
4294
4295
4296
4297
4298
4299
4302
4306
4312
4313
4314
4315
4316
4317
4319
4320
4321
4322
4323
4324
4326
4327
4328
4329
4331
4332
4333
4335
4336
4338
4339
4341
4342
4345
4346
4347
4351
4353
4354
4355
4356
4357
4359
4360
4361
4362
4363
4364
4365
4366
4367
4368
4369
4371
4372
4374
4375
4376
4377
4379
4382
4383
4386
4389
4391
4392
4393
4395
4396
4397
4398
4399
4402
4411
4412
4413
4416
4419
4420
4421
4422
4423
4424
4425
4426
4427
4428
4429
4431
4432
4435
4436
4437
4442
4446
4448
4449
4452
4453
4455
4456
4457
4458
4461
4462
4463
4464
4465
4467
4468
4469
4472
4473
4475
4476
4478
4479
4482
4484
4485
4486
4487
4489
4491
4492
4494
4496
4497
4498
4499
4502
4509
4511
4512
4513
4516
4517
4518
4519
4520
4521
4522
4524
4525
4526
4527
4528
4529
4531
4533
4534
4535
4536
4537
4539
4542
4543
4545
4546
4547
4548
4552
4553
4554
4557
4561
4562
4563
4564
4567
4568
4569
4571
4572
4573
4574
4575
4576
4577
4579
4581
4582
4584
4586
4588
4589
4590
4591
4592
4593
4596
4597
4598
4599
4601
4603
4606
4607
4608
4609
4610
4611
4612
4613
4614
4615
4616
4617
4618
4619
4621
4622
4623
4624
4625
4626
4628
4629
4630
4631
4632
4633
4634
4635
4636
4637
4638
4639
4641
4642
4643
4644
4645
4647
4648
4649
4651
4652
4653
4654
4657
4658
4659
4660
4661
4662
4663
4666
4667
4668
4669
4670
4671
4673
4674
4675
4676
4678
4679
4680
4681
4682
4683
4684
4685
4686
4687
4688
4689
4690
4691
4692
4693
4694
4695
4696
4697
4698
4699
4702
4706
4707
4711
4712
4713
4715
4716
4717
4718
4719
4720
4721
4722
4723
4724
4725
4728
4729
4731
4732
4734
4735
4736
4737
4739
4742
4743
4745
4746
4748
4749
4751
4752
4753
4754
4755
4756
4757
4759
4760
4761
4763
4764
4765
4766
4768
4769
4770
4771
4773
4775
4778
4779
4781
4782
4784
4786
4787
4789
4791
4792
4793
4794
4795
4796
4797
4798
4799
4806
4809
4812
4815
4816
4817
4818
4819
4821
4822
4823
4824
4825
4826
4827
4828
4829
4832
4833
4836
4839
4842
4844
4845
4846
4847
4849
4851
4852
4854
4856
4858
4859
4860
4861
4862
4863
4864
4865
4866
4867
4868
4869
4871
4872
4874
4876
4877
4879
4881
4882
4885
4886
4888
4889
4890
4891
4892
4893
4894
4895
4896
4897
4898
4902
4905
4906
4908
4909
4911
4912
4913
4914
4915
4916
4917
4918
4919
4920
4921
4922
4923
4924
4925
4926
4927
4928
4929
4931
4932
4933
4935
4936
4937
4938
4939
4941
4942
4944
4946
4947
4948
4949
4950
4951
4952
4953
4956
4957
4958
4959
4960
4961
4962
4963
4964
4965
4966
4967
4968
4969
4971
4972
4973
4974
4975
4976
4977
4978
4979
4980
4981
4982
4983
4984
4985
4986
4987
4988
4990
4991
4992
4993
4994
4995
4996
4997
4999
5013
5024
5026
5028
5029
5031
5033
5036
5039
5042
5049
5057
5058
5062
5063
5067
5068
5075
5076
5079
5082
5085
5086
5092
5093
5094
5097
5099
5103
5113
5114
5118
5123
5124
5125
5126
5127
5128
5129
5130
5131
5132
5133
5134
5136
5138
5139
5141
5142
5143
5146
5147
5148
5149
5152
5156
5157
5158
5159
5162
5163
5164
5165
5166
5167
5168
5172
5174
5175
5176
5177
5179
5181
5182
5183
5184
5185
5186
5189
5192
5193
5194
5195
5197
5198
5199
5204
5206
5208
5209
5213
5214
5215
5216
5217
5218
5219
5222
5223
5224
5225
5226
5228
5229
5231
5232
5233
5235
5236
5237
5238
5239
5240
5241
5242
5244
5245
5246
5247
5248
5249
5251
5252
5253
5254
5255
5256
5259
5260
5261
5262
5263
5264
5265
5266
5267
5268
5269
5271
5273
5274
5276
5277
5278
5279
5280
5281
5282
5283
5284
5286
5287
5288
5289
5290
5291
5292
5293
5294
5295
5296
5297
5298
5299
5301
5303
5306
5309
5310
5311
5312
5313
5314
5316
5318
5319
5321
5322
5323
5325
5326
5327
5328
5329
5330
5331
5332
5333
5334
5336
5337
5339
5341
5343
5344
5345
5346
5347
5349
5352
5354
5355
5356
5358
5360
5361
5362
5363
5364
5365
5366
5368
5369
5372
5373
5374
5378
5379
5381
5382
5385
5386
5387
5388
5389
5390
5391
5392
5393
5394
5396
5397
5398
5399
5402
5409
5411
5412
5413
5416
5417
5418
5419
5420
5421
5422
5424
5425
5426
5427
5428
5429
5431
5433
5434
5435
5436
5437
5439
5442
5443
5445
5446
5447
5448
5452
5453
5454
5457
5461
5462
5463
5464
5467
5468
5469
5471
5472
5473
5474
5475
5476
5477
5479
5481
5482
5484
5486
5488
5489
5490
5491
5492
5493
5496
5497
5498
5499
5507
5508
5512
5516
5517
5518
5519
5521
5522
5523
5524
5525
5526
5529
5532
5534
5535
5536
5538
5542
5543
5544
5547
5552
5553
5559
5561
5562
5563
5567
5570
5571
5574
5576
5578
5580
5581
5583
5587
5589
5591
5592
5595
5598
5599
5602
5603
5607
5608
5612
5613
5614
5615
5616
5617
5618
5620
5621
5622
5623
5624
5625
5626
5627
5628
5629
5630
5631
5632
5633
5634
5635
5636
5638
5639
5641
5642
5643
5644
5647
5648
5649
5651
5652
5653
5657
5661
5662
5663
5666
5667
5668
5669
5670
5671
5672
5674
5675
5676
5678
5679
5680
5681
5682
5683
5684
5686
5687
5688
5689
5692
5693
5694
5696
5697
5698
5699
5705
5706
5709
5712
5714
5715
5716
5717
5719
5721
5723
5724
5726
5727
5728
5729
5732
5733
5734
5738
5739
5741
5742
5743
5744
5745
5746
5747
5749
5750
5751
5754
5756
5758
5760
5761
5762
5764
5765
5766
5768
5769
5771
5772
5774
5779
5782
5783
5785
5786
5788
5789
5790
5791
5792
5793
5794
5796
5797
5798
5799
5802
5805
5806
5811
5812
5813
5814
5815
5816
5819
5820
5821
5822
5823
5824
5826
5827
5828
5829
5831
5832
5835
5836
5837
5838
5839
5841
5842
5844
5846
5848
5849
5850
5851
5853
5857
5859
5860
5861
5862
5863
5864
5866
5867
5868
5869
5872
5873
5875
5876
5878
5879
5882
5883
5884
5886
5887
5891
5892
5893
5894
5895
5896
5897
5899
5902
5903
5904
5907
5909
5912
5913
5914
5915
5917
5918
5919
5920
5921
5922
5923
5924
5925
5926
5927
5928
5929
5930
5931
5932
5933
5934
5936
5937
5938
5939
5940
5941
5942
5943
5946
5947
5948
5949
5951
5952
5955
5958
5959
5962
5963
5964
5966
5967
5968
5969
5970
5971
5972
5973
5974
5976
5977
5978
5979
5981
5982
5983
5984
5985
5986
5987
5989
5990
5991
5992
5993
5994
5995
5996
5997
5998
6003
6012
6013
6014
6021
6023
6025
6026
6029
6030
6031
6032
6033
6034
6035
6036
6037
6038
6039
6041
6043
6046
6047
6048
6049
6052
6053
6057
6058
6062
6063
6064
6066
6069
6073
6074
6075
6083
6084
6085
6089
6092
6093
6094
6096
6098
6099
6102
6103
6104
6112
6113
6114
6116
6120
6121
6123
6124
6125
6126
6127
6128
6129
6130
6131
6132
6133
6134
6135
6136
6137
6138
6139
6140
6141
6142
6143
6144
6145
6146
6147
6148
6149
6152
6153
6154
6155
6156
6157
6158
6161
6162
6163
6164
6165
6166
6167
6169
6172
6173
6174
6175
6176
6182
6183
6184
6185
6189
6192
6193
6194
6196
6198
6201
6203
6205
6206
6209
6210
6211
6213
6214
6215
6216
6217
6218
6219
6222
6223
6224
6225
6226
6227
6228
6229
6230
6231
6232
6233
6234
6235
6236
6237
6238
6239
6241
6242
6243
6244
6245
6246
6248
6249
6250
6251
6252
6253
6254
6255
6256
6257
6258
6259
6260
6261
6262
6263
6264
6265
6266
6268
6269
6271
6272
6273
6275
6277
6278
6279
6281
6282
6283
6284
6285
6286
6287
6288
6289
6290
6291
6292
6293
6294
6295
6296
6297
6298
6299
6300
6301
6302
6303
6304
6305
6306
6307
6308
6309
6310
6311
6312
6313
6314
6315
6316
6317
6318
6319
6320
6321
6322
6323
6324
6325
6326
6327
6328
6329
6330
6331
6332
6333
6334
6335
6336
6337
6338
6339
6340
6341
6342
6343
6344
6345
6346
6347
6348
6349
6350
6351
6352
6353
6354
6355
6356
6358
6359
6360
6361
6362
6363
6364
6365
6366
6367
6368
6369
6370
6371
6372
6373
6374
6376
6377
6378
6379
6380
6381
6382
6383
6384
6385
6386
6387
6388
6389
6390
6391
6392
6393
6394
6395
6396
6397
6398
6399
6401
6403
6406
6407
6408
6409
6410
6411
6412
6413
6414
6415
6416
6417
6418
6419
6421
6422
6423
6424
6425
6426
6428
6429
6430
6431
6432
6433
6434
6435
6436
6437
6438
6439
6441
6442
6443
6444
6445
6447
6448
6449
6451
6452
6453
6454
6457
6458
6459
6460
6461
6462
6463
6466
6467
6468
6469
6470
6471
6473
6474
6475
6476
6478
6479
6480
6481
6482
6483
6484
6485
6486
6487
6488
6489
6490
6491
6492
6493
6494
6495
6496
6497
6498
6499
6502
6503
6507
6508
6512
6513
6514
6515
6516
6517
6518
6520
6521
6522
6523
6524
6525
6526
6527
6528
6529
6530
6531
6532
6533
6534
6535
6536
6538
6539
6541
6542
6543
6544
6547
6548
6549
6551
6552
6553
6557
6561
6562
6563
6566
6567
6568
6569
6570
6571
6572
6574
6575
6576
6578
6579
6580
6581
6582
6583
6584
6586
6587
6588
6589
6592
6593
6594
6596
6597
6598
6599
6602
6603
6604
6606
6609
6611
6612
6613
6614
6615
6616
6617
6619
6620
6621
6622
6623
6624
6625
6626
6628
6629
6630
6631
6632
6633
6634
6635
6636
6637
6638
6639
6640
6641
6642
6643
6646
6647
6648
6649
6651
6652
6653
6656
6657
6658
6659
6660
6661
6662
6663
6664
6665
6668
6669
6671
6673
6674
6675
6679
6682
6683
6684
6685
6686
6689
6690
6691
6692
6693
6694
6695
6696
6697
6698
6699
6703
6704
6705
6712
6713
6714
6715
6716
6721
6722
6723
6725
6727
6728
6729
6730
6731
6732
6733
6734
6736
6737
6738
6739
6740
6741
6743
6744
6745
6746
6748
6749
6750
6751
6752
6754
6755
6756
6758
6759
6761
6763
6764
6765
6769
6772
6773
6782
6783
6784
6785
6789
6792
6793
6794
6795
6796
6798
6799
6803
6804
6805
6809
6812
6813
6814
6815
6819
6821
6822
6823
6824
6825
6826
6827
6828
6829
6830
6831
6832
6833
6834
6835
6836
6837
6838
6839
6840
6841
6842
6843
6844
6845
6846
6847
6848
6849
6850
6851
6852
6853
6854
6856
6857
6858
6859
6862
6863
6864
6865
6866
6869
6872
6873
6874
6875
6879
6882
6883
6884
6885
6888
6890
6891
6892
6893
6894
6895
6896
6897
6899
6902
6903
6904
6906
6908
6909
6912
6913
6914
6916
6918
6920
6921
6922
6923
6924
6925
6926
6927
6928
6929
6930
6931
6932
6933
6934
6935
6936
6937
6938
6939
6940
6941
6942
6943
6944
6945
6946
6947
6948
6949
6952
6953
6954
6956
6957
6958
6959
6960
6961
6962
6963
6964
6965
6966
6967
6968
6969
6972
6973
6974
6975
6976
6978
6979
6980
6981
6982
6983
6984
6985
6986
6987
6989
6990
6992
6993
6994
6995
6996
6997
6998
6999
7013
7022
7024
7029
7031
7033
7036
7038
7042
7046
7047
7055
7056
7059
7063
7064
7065
7074
7083
7092
7095
7099
7103
7113
7114
7119
7122
7123
7124
7125
7126
7128
7129
7130
7131
7132
7133
7134
7136
7137
7138
7139
7141
7142
7143
7145
7146
7147
7148
7149
7152
7154
7155
7156
7157
7159
7162
7163
7164
7165
7166
7173
7174
7175
7182
7183
7184
7191
7192
7193
7194
7195
7199
7202
7204
7209
7212
7213
7214
7215
7216
7218
7219
7220
7221
7222
7223
7224
7226
7227
7228
7231
7232
7233
7234
7235
7236
7237
7239
7240
7241
7242
7243
7244
7245
7248
7249
7251
7253
7254
7256
7257
7258
7259
7261
7262
7263
7265
7267
7268
7269
7272
7273
7275
7276
7278
7279
7281
7282
7284
7285
7286
7287
7289
7290
7291
7293
7294
7295
7296
7297
7298
7301
7303
7306
7308
7310
7311
7312
7313
7314
7316
7317
7318
7319
7321
7322
7323
7324
7325
7326
7327
7329
7330
7331
7332
7335
7336
7339
7341
7342
7344
7345
7346
7347
7349
7352
7353
7354
7358
7359
7360
7361
7362
7363
7364
7366
7367
7368
7369
7371
7372
7374
7376
7377
7380
7381
7385
7386
7389
7391
7392
7393
7394
7395
7396
7398
7402
7406
7407
7411
7412
7413
7415
7416
7417
7418
7419
7420
7421
7422
7423
7424
7425
7428
7429
7431
7432
7434
7435
7436
7437
7439
7442
7443
7445
7446
7448
7449
7451
7452
7453
7454
7455
7456
7457
7459
7460
7461
7463
7464
7465
7466
7468
7469
7470
7471
7473
7475
7478
7479
7481
7482
7484
7486
7487
7489
7491
7492
7493
7494
7495
7496
7497
7498
7499
7505
7506
7509
7512
7514
7515
7516
7517
7519
7521
7523
7524
7526
7527
7528
7529
7532
7533
7534
7538
7539
7541
7542
7543
7544
7545
7546
7547
7549
7550
7551
7554
7556
7558
7560
7561
7562
7564
7565
7566
7568
7569
7571
7572
7574
7579
7582
7583
7585
7586
7588
7589
7590
7591
7592
7593
7594
7596
7597
7598
7599
7603
7604
7605
7612
7613
7614
7615
7616
7621
7622
7623
7625
7627
7628
7629
7630
7631
7632
7633
7634
7636
7637
7638
7639
7640
7641
7643
7644
7645
7646
7648
7649
7650
7651
7652
7654
7655
7656
7658
7659
7661
7663
7664
7665
7669
7672
7673
7682
7683
7684
7685
7689
7692
7693
7694
7695
7696
7698
7699
7704
7713
7714
7715
7722
7723
7725
7726
7728
7729
7731
7732
7734
7736
7737
7740
7741
7743
7745
7748
7749
7751
7752
7754
7759
7762
7763
7773
7779
7782
7784
7789
7792
7794
7795
7797
7798
7799
7803
7812
7813
7814
7821
7822
7824
7825
7826
7827
7829
7830
7831
7835
7836
7839
7841
7842
7844
7846
7847
7849
7852
7853
7855
7856
7858
7859
7862
7863
7864
7865
7869
7872
7874
7879
7885
7889
7892
7893
7894
7895
7896
7897
7898
7899
7902
7905
7909
7911
7912
7913
7914
7915
7919
7920
7921
7923
7924
7925
7926
7927
7928
7931
7932
7933
7934
7935
7936
7938
7941
7942
7943
7944
7945
7946
7947
7948
7949
7950
7951
7952
7953
7954
7956
7957
7958
7959
7962
7963
7964
7965
7966
7968
7969
7972
7974
7975
7977
7978
7979
7982
7983
7984
7985
7986
7987
7988
7989
7990
7991
7994
7995
7996
7997
7998
7999
8012
8019
8021
8022
8023
8025
8028
8029
8032
8036
8037
8046
8049
8052
8055
8056
8063
8064
8065
8069
8073
8082
8091
8092
8094
8096
8099
8102
8109
8112
8115
8118
8119
8120
8121
8122
8123
8124
8125
8126
8127
8128
8129
8132
8133
8135
8136
8137
8138
8139
8142
8145
8146
8147
8148
8149
8151
8152
8153
8154
8155
8156
8159
8162
8163
8164
8165
8169
8172
8173
8174
8181
8182
8183
8184
8190
8191
8192
8193
8194
8195
8196
8201
8202
8203
8205
8208
8209
8210
8211
8212
8213
8214
8215
8216
8217
8218
8219
8220
8221
8222
8223
8224
8225
8226
8227
8229
8230
8231
8232
8233
8234
8235
8236
8238
8239
8241
8242
8243
8244
8245
8246
8247
8248
8249
8250
8251
8252
8253
8254
8256
8257
8258
8259
8261
8262
8263
8264
8265
8266
8267
8268
8269
8271
8272
8274
8275
8276
8277
8279
8280
8281
8283
8284
8285
8286
8289
8290
8291
8292
8293
8294
8295
8296
8297
8298
8299
8302
8306
8307
8312
8313
8315
8316
8317
8318
8319
8320
8321
8322
8323
8324
8325
8326
8328
8329
8331
8332
8333
8334
8336
8339
8342
8343
8346
8349
8351
8352
8355
8356
8357
8358
8359
8360
8361
8362
8363
8364
8365
8366
8367
8368
8369
8370
8371
8375
8376
8379
8381
8382
8385
8386
8391
8392
8393
8394
8395
8396
8397
8406
8409
8412
8415
8416
8417
8418
8419
8421
8422
8423
8424
8425
8426
8427
8428
8429
8432
8433
8436
8439
8442
8444
8445
8446
8447
8449
8451
8452
8454
8456
8458
8459
8460
8461
8462
8463
8464
8465
8466
8467
8468
8469
8471
8472
8474
8476
8477
8479
8481
8482
8485
8486
8488
8489
8490
8491
8492
8493
8494
8495
8496
8497
8498
8502
8505
8506
8511
8512
8513
8514
8515
8516
8519
8520
8521
8522
8523
8524
8526
8527
8528
8529
8531
8532
8535
8536
8537
8538
8539
8541
8542
8544
8546
8548
8549
8550
8551
8553
8557
8559
8560
8561
8562
8563
8564
8566
8567
8568
8569
8572
8573
8575
8576
8578
8579
8582
8583
8584
8586
8587
8591
8592
8593
8594
8595
8596
8597
8599
8603
8604
8605
8609
8612
8613
8614
8615
8619
8621
8622
8623
8624
8625
8626
8627
8628
8629
8630
8631
8632
8633
8634
8635
8636
8637
8638
8639
8640
8641
8642
8643
8644
8645
8646
8647
8648
8649
8650
8651
8652
8653
8654
8656
8657
8658
8659
8662
8663
8664
8665
8666
8669
8672
8673
8674
8675
8679
8682
8683
8684
8685
8688
8690
8691
8692
8693
8694
8695
8696
8697
8699
8703
8712
8713
8714
8721
8722
8724
8725
8726
8727
8729
8730
8731
8735
8736
8739
8741
8742
8744
8746
8747
8749
8752
8753
8755
8756
8758
8759
8762
8763
8764
8765
8769
8772
8774
8779
8785
8789
8792
8793
8794
8795
8796
8797
8798
8799
8802
8811
8812
8813
8814
8820
8821
8823
8824
8825
8826
8829
8831
8832
8835
8836
8841
8842
8845
8846
8848
8849
8852
8853
8854
8856
8857
8862
8863
8864
8865
8868
8875
8879
8884
8886
8889
8892
8894
8897
8898
8899
8901
8902
8904
8906
8909
8910
8911
8912
8913
8914
8915
8916
8920
8921
8922
8923
8924
8925
8926
8927
8928
8929
8931
8932
8933
8934
8935
8936
8937
8940
8941
8942
8943
8944
8945
8946
8947
8948
8951
8952
8953
8954
8955
8956
8957
8959
8960
8961
8962
8963
8964
8965
8966
8967
8969
8972
8973
8974
8975
8976
8977
8978
8979
8982
8984
8987
8988
8989
8990
8992
8995
8996
8997
8998
8999
9002
9009
9011
9012
9013
9018
9019
9020
9021
9022
9023
9024
9025
9026
9027
9028
9029
9031
9032
9033
9035
9036
9039
9042
9045
9046
9048
9049
9052
9053
9054
9057
9059
9062
9063
9064
9066
9068
9069
9072
9075
9079
9081
9082
9084
9086
9089
9090
9091
9092
9093
9094
9095
9096
9097
9098
9099
9101
9102
9103
9108
9109
9110
9111
9112
9113
9114
9117
9118
9119
9120
9121
9122
9123
9124
9125
9126
9127
9128
9129
9130
9131
9132
9133
9134
9135
9136
9137
9138
9139
9141
9142
9143
9144
9145
9146
9147
9148
9149
9152
9153
9154
9155
9157
9158
9159
9162
9163
9164
9166
9168
9171
9172
9173
9174
9175
9179
9180
9181
9182
9183
9184
9185
9186
9190
9191
9192
9193
9194
9195
9197
9200
9201
9202
9203
9204
9205
9206
9207
9208
9209
9210
9211
9212
9213
9214
9215
9216
9217
9218
9219
9220
9221
9222
9223
9224
9225
9226
9228
9229
9230
9231
9232
9233
9234
9235
9236
9237
9238
9239
9240
9241
9242
9243
9244
9245
9246
9247
9248
9249
9250
9251
9252
9253
9254
9255
9256
9257
9258
9259
9260
9261
9262
9263
9264
9265
9266
9267
9268
9269
9270
9271
9273
9274
9275
9276
9277
9278
9280
9281
9282
9283
9284
9285
9286
9287
9288
9289
9290
9291
9292
9293
9294
9295
9296
9298
9299
9301
9302
9303
9305
9306
9309
9310
9311
9312
9313
9314
9315
9316
9317
9318
9319
9320
9321
9322
9323
9324
9325
9326
9327
9328
9329
9330
9331
9332
9333
9334
9335
9336
9337
9338
9339
9341
9342
9343
9345
9346
9347
9348
9349
9350
9351
9352
9353
9354
9356
9357
9358
9359
9360
9361
9362
9363
9364
9365
9366
9367
9368
9369
9371
9372
9373
9374
9375
9376
9378
9381
9382
9383
9384
9385
9386
9387
9390
9391
9392
9393
9394
9395
9396
9399
9402
9405
9406
9408
9409
9411
9412
9413
9414
9415
9416
9417
9418
9419
9420
9421
9422
9423
9424
9425
9426
9427
9428
9429
9431
9432
9433
9435
9436
9437
9438
9439
9441
9442
9444
9446
9447
9448
9449
9450
9451
9452
9453
9456
9457
9458
9459
9460
9461
9462
9463
9464
9465
9466
9467
9468
9469
9471
9472
9473
9474
9475
9476
9477
9478
9479
9480
9481
9482
9483
9484
9485
9486
9487
9488
9490
9491
9492
9493
9494
9495
9496
9497
9499
9502
9503
9504
9507
9509
9512
9513
9514
9515
9517
9518
9519
9520
9521
9522
9523
9524
9525
9526
9527
9528
9529
9530
9531
9532
9533
9534
9536
9537
9538
9539
9540
9541
9542
9543
9546
9547
9548
9549
9551
9552
9555
9558
9559
9562
9563
9564
9566
9567
9568
9569
9570
9571
9572
9573
9574
9576
9577
9578
9579
9581
9582
9583
9584
9585
9586
9587
9589
9590
9591
9592
9593
9594
9595
9596
9597
9598
9602
9603
9604
9606
9608
9609
9612
9613
9614
9616
9618
9620
9621
9622
9623
9624
9625
9626
9627
9628
9629
9630
9631
9632
9633
9634
9635
9636
9637
9638
9639
9640
9641
9642
9643
9644
9645
9646
9647
9648
9649
9652
9653
9654
9656
9657
9658
9659
9660
9661
9662
9663
9664
9665
9666
9667
9668
9669
9672
9673
9674
9675
9676
9678
9679
9680
9681
9682
9683
9684
9685
9686
9687
9689
9690
9692
9693
9694
9695
9696
9697
9698
9699
9702
9705
9709
9711
9712
9713
9714
9715
9719
9720
9721
9723
9724
9725
9726
9727
9728
9731
9732
9733
9734
9735
9736
9738
9741
9742
9743
9744
9745
9746
9747
9748
9749
9750
9751
9752
9753
9754
9756
9757
9758
9759
9762
9763
9764
9765
9766
9768
9769
9772
9774
9775
9777
9778
9779
9782
9783
9784
9785
9786
9787
9788
9789
9790
9791
9794
9795
9796
9797
9798
9799
9801
9802
9804
9806
9809
9810
9811
9812
9813
9814
9815
9816
9820
9821
9822
9823
9824
9825
9826
9827
9828
9829
9831
9832
9833
9834
9835
9836
9837
9840
9841
9842
9843
9844
9845
9846
9847
9848
9851
9852
9853
9854
9855
9856
9857
9859
9860
9861
9862
9863
9864
9865
9866
9867
9869
9872
9873
9874
9875
9876
9877
9878
9879
9882
9884
9887
9888
9889
9890
9892
9895
9896
9897
9898
9899
9900
9901
9902
9903
9904
9905
9906
9907
9908
9909
9910
9911
9912
9913
9914
9915
9917
9920
9921
9922
9923
9924
9925
9926
9928
9929
9930
9931
9932
9933
9934
9935
9936
9939
9940
9941
9942
9943
9944
9945
9946
9947
9949
9950
9951
9952
9953
9954
9955
9956
9957
9958
9960
9962
9963
9964
9965
9966
9967
9968
9969
9970
9971
9974
9975
9976
9977
9978
9979
9980
9982
9985
9986
9987
9988
9989
9990
9992
9993
9994
9996
9997
9998
9999