1259
1295
1299
1355
1389
1398
1445
1454
1455
1456
1465
1479
1497
1529
1535
1544
1545
1546
1553
1554
1555
1564
1569
1592
1596
1645
1654
1659
1695
1749
1794
1839
1893
1925
1929
1938
1947
1952
1956
1965
1974
1983
1992
2159
2195
2199
2255
2258
2277
2285
2345
2354
2357
2375
2435
2453
2456
2457
2465
2468
2475
2486
2519
2525
2528
2534
2537
2543
2546
2547
2552
2555
2556
2558
2564
2565
2573
2574
2579
2582
2585
2591
2597
2645
2648
2654
2655
2678
2684
2687
2689
2698
2727
2735
2745
2753
2754
2759
2768
2772
2777
2786
2795
2825
2846
2852
2855
2864
2867
2869
2876
2896
2915
2919
2951
2957
2968
2975
2986
2991
3155
3189
3198
3245
3254
3257
3275
3425
3448
3452
3458
3484
3485
3489
3498
3515
3524
3527
3542
3548
3551
3557
3572
3575
3584
3668
3686
3725
3752
3755
3819
3844
3845
3849
3854
3866
3891
3894
3899
3918
3948
3981
3984
3989
3998
4055
4145
4154
4155
4156
4165
4179
4197
4235
4253
4256
4257
4265
4268
4275
4286
4325
4348
4352
4358
4384
4385
4389
4398
4415
4438
4446
4451
4459
4464
4483
4488
4489
4495
4498
4505
4514
4515
4516
4523
4526
4527
4532
4538
4541
4549
4550
4551
4558
4561
4562
4572
4578
4583
4585
4587
4588
4594
4615
4625
4628
4644
4651
4652
4668
4678
4679
4682
4686
4687
4688
4697
4719
4725
4752
4758
4768
4769
4785
4786
4789
4791
4796
4798
4799
4826
4834
4835
4839
4843
4848
4849
4853
4855
4857
4858
4862
4866
4867
4868
4875
4876
4879
4884
4885
4886
4889
4893
4894
4897
4898
4917
4938
4945
4948
4954
4967
4971
4976
4978
4979
4983
4984
4987
4988
4997
5045
5054
5129
5135
5144
5145
5146
5153
5154
5155
5164
5169
5192
5196
5219
5225
5228
5234
5237
5243
5246
5247
5252
5255
5256
5258
5264
5265
5273
5274
5279
5282
5285
5291
5297
5315
5324
5327
5342
5348
5351
5357
5372
5375
5384
5405
5414
5415
5416
5423
5426
5427
5432
5438
5441
5449
5450
5451
5458
5461
5462
5472
5478
5483
5485
5487
5488
5494
5504
5513
5514
5515
5522
5525
5526
5528
5531
5537
5540
5541
5548
5551
5552
5559
5562
5573
5582
5584
5595
5614
5619
5624
5625
5641
5642
5652
5679
5691
5697
5723
5724
5729
5732
5735
5742
5748
5753
5769
5778
5784
5787
5789
5792
5796
5798
5822
5825
5834
5843
5845
5847
5848
5852
5854
5874
5877
5879
5884
5897
5912
5916
5921
5927
5944
5955
5961
5967
5972
5976
5978
5987
6145
6154
6159
6195
6245
6248
6254
6255
6278
6284
6287
6289
6298
6368
6386
6415
6425
6428
6444
6451
6452
6468
6478
6479
6482
6486
6487
6488
6497
6514
6519
6524
6525
6541
6542
6552
6579
6591
6597
6638
6648
6683
6684
6688
6689
6698
6728
6748
6749
6759
6779
6782
6784
6794
6795
6797
6824
6827
6829
6836
6842
6846
6847
6848
6863
6864
6868
6869
6872
6874
6884
6886
6892
6896
6899
6915
6928
6947
6951
6957
6968
6974
6975
6977
6982
6986
6989
6998
7149
7194
7227
7235
7245
7253
7254
7259
7268
7272
7277
7286
7295
7325
7352
7355
7419
7425
7452
7458
7468
7469
7485
7486
7489
7491
7496
7498
7499
7523
7524
7529
7532
7535
7542
7548
7553
7569
7578
7584
7587
7589
7592
7596
7598
7628
7648
7649
7659
7679
7682
7684
7694
7695
7697
7722
7727
7758
7769
7772
7785
7796
7826
7845
7846
7849
7854
7857
7859
7862
7864
7875
7894
7895
7914
7925
7941
7946
7948
7949
7952
7956
7958
7964
7965
7967
7976
7984
7985
7994
8139
8193
8225
8246
8252
8255
8264
8267
8269
8276
8296
8319
8344
8345
8349
8354
8366
8391
8394
8399
8426
8434
8435
8439
8443
8448
8449
8453
8455
8457
8458
8462
8466
8467
8468
8475
8476
8479
8484
8485
8486
8489
8493
8494
8497
8498
8522
8525
8534
8543
8545
8547
8548
8552
8554
8574
8577
8579
8584
8597
8624
8627
8629
8636
8642
8646
8647
8648
8663
8664
8668
8669
8672
8674
8684
8686
8692
8696
8699
8726
8745
8746
8749
8754
8757
8759
8762
8764
8775
8794
8795
8844
8845
8846
8849
8854
8864
8866
8894
8913
8926
8931
8934
8939
8943
8944
8947
8948
8957
8962
8966
8969
8974
8975
8984
8993
8996
9125
9129
9138
9147
9152
9156
9165
9174
9183
9192
9215
9219
9251
9257
9268
9275
9286
9291
9318
9348
9381
9384
9389
9398
9417
9438
9445
9448
9454
9467
9471
9476
9478
9479
9483
9484
9487
9488
9497
9512
9516
9521
9527
9544
9555
9561
9567
9572
9576
9578
9587
9615
9628
9647
9651
9657
9668
9674
9675
9677
9682
9686
9689
9698
9714
9725
9741
9746
9748
9749
9752
9756
9758
9764
9765
9767
9776
9784
9785
9794
9813
9826
9831
9834
9839
9843
9844
9847
9848
9857
9862
9866
9869
9874
9875
9884
9893
9896
9912
9921
9938
9947
9968
9974
9983
9986